dimensions:
3

points:
100
0.14106735979665894 -0.99 0.0
-0.17925799888815613 -0.97 0.1642150109905116
0.027298673793297194 -0.95 -0.31105430781316495
0.22363749507608174 -0.9299999999999999 0.2916955104147056
-0.40827033374843424 -0.91 -0.07221727342500583
0.3847191068626957 -0.89 -0.24472680444685596
-0.12799834942097849 -0.87 0.4761474798268968
-0.24279784123187995 -0.85 -0.4674924687020518
0.5239190311901138 -0.83 0.19133438989583781
-0.5420638502883882 -0.81 0.22375607748288703
0.25986287961937526 -0.79 -0.5553118797540045
0.1909562397791545 -0.77 0.6087985828575869
-0.5722834231380972 -0.75 -0.3316499413558544
0.6675062690706619 -0.73 -0.1467493807529188
-0.40500710772062326 -0.71 0.5760809341540262
-0.09301724105771997 -0.69 -0.7178076294286723
0.567645667942108 -0.6699999999999999 0.478412369892918
-0.7592852649071572 -0.6499999999999999 0.03139882951430177
0.5504734730017758 -0.63 -0.5477946289635953
-0.036602167051348465 -0.61 0.7915556085122163
-0.5173106427303671 -0.59 -0.6199110411324311
0.8143069224410301 -0.5700000000000001 0.10956384469622286
-0.6855518693235865 -0.55 0.4769891345376078
0.18611968347547322 -0.53 -0.8273206533279521
0.42766226127270884 -0.51 0.7463276695146129
-0.8304836655326296 -0.49 -0.2649469405059952
0.8012767453628411 -0.47 -0.370210179952865
-0.3447635703729665 -0.44999999999999996 0.8237949262672627
-0.3055644949304832 -0.42999999999999994 -0.8495471378551508
0.807368470353567 -0.41000000000000003 0.4243302405897338
-0.8904003466173135 -0.39 0.234706673837298
0.5024554327134931 -0.37 -0.7814336428236862
0.15866307873945915 -0.35 0.9232150494033967
-0.7463332015518084 -0.32999999999999996 -0.5780023808440825
0.9474904324796621 -0.30999999999999994 -0.07849764556662125
-0.6498970288941589 -0.2899999999999999 0.7025196451591548
0.004697099521205685 -0.27 -0.9628488652203355
0.6505500155256161 -0.25 0.7171364425962612
-0.9690377330644508 -0.22999999999999998 -0.08981019929445755
0.7787972701490786 -0.20999999999999996 -0.5910793618528254
-0.1757232343349757 -0.18999999999999995 0.9659303002364379
-0.5248530201618092 -0.16999999999999993 -0.8340439480189442
0.9535255164458032 -0.15000000000000002 0.26132181211442057
-0.882136418400414 -0.13 0.45269784551253356
0.34550733637457615 -0.11 -0.9319467154893275
0.37551252700982696 -0.08999999999999998 0.9224371751283086
-0.9014391814953551 -0.06999999999999997 -0.4272088506398064
0.9544174930265714 -0.04999999999999994 -0.2942571137710596
-0.5053947738603612 -0.030000000000000034 0.8623665824663165
-0.20994188111981057 -0.010000000000000018 -0.97766272637954
0.8152062920736045 0.01 0.5790843646340359
-0.9918765882863899 0.03000000000000002 0.12361566894755349
0.6473587655569581 0.05000000000000004 -0.7605436402051965
0.03635382764311213 0.07000000000000005 0.9968843459577921
-0.6990651512013291 0.09000000000000007 -0.70937149250295
0.9926348887829454 0.11000000000000008 0.05075408920343027
-0.764358245970163 0.13000000000000012 0.6315508465811884
0.1366167421138219 0.15000000000000013 -0.979201647146391
0.5588657069137133 0.16999999999999993 0.8116459336655582
-0.9567823612629455 0.18999999999999995 -0.22015338556584238
0.850660805595189 0.20999999999999996 -0.4819504059798521
-0.3003060579947334 0.22999999999999998 0.9256977214683332
-0.401811450411341 0.25 -0.8809356153081419
0.8863889253260228 0.27 0.37605142342421527
-0.9021157337031597 0.29000000000000004 0.31951088088703594
0.4464120976654115 0.31000000000000005 -0.8394142237643861
0.236155718741352 0.33000000000000007 0.9139641549348396
-0.7854445599772734 0.3500000000000001 -0.5104672792668572
0.9163653473089771 0.3700000000000001 -0.15288737767159796
-0.5673624854052105 0.3900000000000001 0.7252584436977084
-0.07087130928303524 0.41000000000000014 -0.9093279152871687
0.6597362540258498 0.42999999999999994 0.6163181606312923
-0.8929860511231916 0.44999999999999996 -0.008712777938673174
0.6566368732194225 0.47 -0.5898542334582504
-0.08467967930963359 0.49 0.8675997648178667
-0.5166785364497933 0.51 -0.6877087246589937
0.8335538861569624 0.53 0.15584581762955937
-0.7090144449898004 0.55 0.4413598495511404
0.22103383354893766 0.5700000000000001 -0.7913558266839642
0.3651293470107336 0.5900000000000001 0.7201253779388108
-0.7416320598954952 0.6100000000000001 -0.27907326589117165
0.720699071449949 0.6300000000000001 -0.28929716281218687
-0.32879508163366533 0.6500000000000001 0.6851231964351457
-0.2152553036362387 0.6700000000000002 -0.7104682640741038
0.6226773310637855 0.69 0.369016180375984
-0.6892192113800709 0.71 0.14448833400878117
0.3985067064328888 0.73 -0.5552408530791043
0.078598018292578 0.75 0.6567513620240765
-0.48384468997886504 0.77 -0.41592585394425297
0.6128012785524265 0.79 -0.019354405299861974
-0.4196947695184392 0.81 0.4095806397266161
0.03119864681222026 0.8300000000000001 -0.5568901547316906
0.3335523795842149 0.8500000000000001 0.40772884380885743
-0.48798376651655784 0.8700000000000001 -0.07051130133753968
0.37680189306717016 0.8900000000000001 -0.2567495538087585
-0.09494092190679554 0.9100000000000001 0.40359165173165745
-0.17962342143733764 0.9299999999999999 -0.32067963214264905
0.2965381440383456 0.95 0.09780147816006374
-0.22167278555738984 0.97 0.09980569193802273
0.055727639237472336 0.99 -0.1295933263135805

edges:
292
0 1
0 2
0 3
0 5
0 8
1 3
1 4
1 6
1 9
2 4
2 5
2 7
2 10
2 15
3 6
3 8
3 11
3 16
4 7
4 9
4 12
4 17
5 8
5 10
5 13
5 18
6 9
6 11
6 14
6 19
7 12
7 15
7 20
8 13
8 16
8 21
9 14
9 17
9 22
10 15
10 18
10 23
11 16
11 19
11 24
12 17
12 20
12 25
13 18
13 21
13 26
14 19
14 22
14 27
15 20
15 23
15 28
15 36
16 21
16 24
16 29
16 37
17 22
17 25
17 30
17 38
18 23
18 26
18 31
18 39
19 24
19 27
19 32
19 40
20 25
20 28
20 33
20 41
21 26
21 29
21 34
21 42
22 27
22 30
22 35
22 43
23 31
23 36
23 44
24 32
24 37
24 45
25 33
25 38
25 46
26 34
26 39
26 47
27 35
27 40
27 48
28 36
28 41
28 49
29 37
29 42
29 50
30 38
30 43
30 51
31 39
31 44
31 52
32 40
32 45
32 53
33 41
33 46
33 54
34 42
34 47
34 55
35 43
35 48
35 56
36 44
36 49
36 57
37 45
37 50
37 58
38 46
38 51
38 59
39 47
39 52
39 60
40 48
40 53
40 61
41 49
41 54
41 62
42 50
42 55
42 63
43 51
43 56
43 64
44 52
44 57
44 65
45 53
45 58
45 66
46 54
46 59
46 67
47 55
47 60
47 68
48 56
48 61
48 69
49 57
49 62
49 70
50 58
50 63
50 71
51 59
51 64
51 72
52 60
52 65
52 73
53 61
53 66
53 74
54 62
54 67
54 75
55 63
55 68
55 76
56 64
56 69
56 77
57 65
57 70
57 78
58 66
58 71
58 79
59 67
59 72
59 80
60 68
60 73
60 81
61 69
61 74
61 82
62 70
62 75
62 83
63 71
63 76
63 84
64 72
64 77
65 73
65 78
66 74
66 79
67 75
67 80
68 76
68 81
69 77
69 82
70 78
70 83
71 79
71 84
72 77
72 80
72 85
73 78
73 81
73 86
74 79
74 82
74 87
75 80
75 83
75 88
76 81
76 84
76 89
77 82
77 85
77 90
78 83
78 86
78 91
79 84
79 87
79 92
80 85
80 88
80 93
81 86
81 89
81 94
82 87
82 90
82 95
83 88
83 91
83 96
84 89
84 92
84 97
85 90
85 93
86 91
86 94
87 92
87 95
88 93
88 96
89 94
89 97
90 93
90 95
90 98
91 94
91 96
91 99
92 95
92 97
93 96
93 98
94 97
94 99
95 97
95 98
96 98
96 99
97 99
98 99