dimensions:
5

points:
32 
-0.5 -0.5 -0.5 -0.5 -0.5
 0.5 -0.5 -0.5 -0.5 -0.5
-0.5  0.5 -0.5 -0.5 -0.5
 0.5  0.5 -0.5 -0.5 -0.5
-0.5 -0.5  0.5 -0.5 -0.5
 0.5 -0.5  0.5 -0.5 -0.5
-0.5  0.5  0.5 -0.5 -0.5
 0.5  0.5  0.5 -0.5 -0.5
-0.5 -0.5 -0.5  0.5 -0.5
 0.5 -0.5 -0.5  0.5 -0.5
-0.5  0.5 -0.5  0.5 -0.5
 0.5  0.5 -0.5  0.5 -0.5
-0.5 -0.5  0.5  0.5 -0.5
 0.5 -0.5  0.5  0.5 -0.5
-0.5  0.5  0.5  0.5 -0.5
 0.5  0.5  0.5  0.5 -0.5
-0.5 -0.5 -0.5 -0.5  0.5
 0.5 -0.5 -0.5 -0.5  0.5
-0.5  0.5 -0.5 -0.5  0.5
 0.5  0.5 -0.5 -0.5  0.5
-0.5 -0.5  0.5 -0.5  0.5
 0.5 -0.5  0.5 -0.5  0.5
-0.5  0.5  0.5 -0.5  0.5
 0.5  0.5  0.5 -0.5  0.5
-0.5 -0.5 -0.5  0.5  0.5
 0.5 -0.5 -0.5  0.5  0.5
-0.5  0.5 -0.5  0.5  0.5
 0.5  0.5 -0.5  0.5  0.5
-0.5 -0.5  0.5  0.5  0.5
 0.5 -0.5  0.5  0.5  0.5
-0.5  0.5  0.5  0.5  0.5
 0.5  0.5  0.5  0.5  0.5

edges:
80
0 1
0 2
0 4
0 8
0 16
1 3
1 5
1 9
1 17
2 3
2 6
2 10
2 18
3 7
3 11
3 19
4 5
4 6
4 12
4 20
5 7
5 13
5 21
6 7
6 14
6 22
7 15
7 23
8 9
8 10
8 12
8 24
9 11
9 13
9 25
10 11
10 14
10 26
11 15
11 27
12 13
12 14
12 28
13 15
13 29
14 15
14 30
15 31
16 17
16 18
16 20
16 24
17 19
17 21
17 25
18 19
18 22
18 26
19 23
19 27
20 21
20 22
20 28
21 23
21 29
22 23
22 30
23 31
24 25
24 26
24 28
25 27
25 29
26 27
26 30
27 31
28 29
28 30
29 31
30 31

subobject_manager:
subobject 2d:
40
0 8 16 24
4 12 20 28
6 14 22 30
7 15 23 31
0 4 16 20
8 12 24 28
10 14 26 30
11 15 27 31
0 4 8 12
16 20 24 28
18 22 26 30
19 23 27 31
0 2 16 18
8 10 24 26
12 14 28 30
13 15 29 31
0 2 8 10
16 18 24 26
20 22 28 30
21 23 29 31
0 2 4 6
16 18 20 22
24 26 28 30
25 27 29 31
0 1 16 17
8 9 24 25
12 13 28 29
14 15 30 31
0 1 8 9
16 17 24 25
20 21 28 29
22 23 30 31
0 1 4 5
16 17 20 21
24 25 28 29
26 27 30 31
0 1 2 3
16 17 18 19
24 25 26 27
28 29 30 31

subobject 3d:
30
0 4 8 12 16 20 24 28
2 6 10 14 18 22 26 30
3 7 11 15 19 23 27 31
0 2 8 10 16 18 24 26
4 6 12 14 20 22 28 30
5 7 13 15 21 23 29 31
0 2 4 6 16 18 20 22
8 10 12 14 24 26 28 30
9 11 13 15 25 27 29 31
0 2 4 6 8 10 12 14
16 18 20 22 24 26 28 30
17 19 21 23 25 27 29 31
0 1 8 9 16 17 24 25
4 5 12 13 20 21 28 29
6 7 14 15 22 23 30 31
0 1 4 5 16 17 20 21
8 9 12 13 24 25 28 29
10 11 14 15 26 27 30 31
0 1 4 5 8 9 12 13
16 17 20 21 24 25 28 29
18 19 22 23 26 27 30 31
0 1 2 3 16 17 18 19
8 9 10 11 24 25 26 27
12 13 14 15 28 29 30 31
0 1 2 3 8 9 10 11
16 17 18 19 24 25 26 27
20 21 22 23 28 29 30 31
0 1 2 3 4 5 6 7
16 17 18 19 20 21 22 23
24 25 26 27 28 29 30 31

subobject 4d:
10
0 2 4 6 8 10 12 14 16 18 20 22 24 26 28 30
1 3 5 7 9 11 13 15 17 19 21 23 25 27 29 31
0 1 4 5 8 9 12 13 16 17 20 21 24 25 28 29
2 3 6 7 10 11 14 15 18 19 22 23 26 27 30 31
0 1 2 3 8 9 10 11 16 17 18 19 24 25 26 27
4 5 6 7 12 13 14 15 20 21 22 23 28 29 30 31
0 1 2 3 4 5 6 7 16 17 18 19 20 21 22 23
8 9 10 11 12 13 14 15 24 25 26 27 28 29 30 31
0 1 2 3 4 5 6 7 8 9 10 11 12 13 14 15
16 17 18 19 20 21 22 23 24 25 26 27 28 29 30 31