dimensions:
6

points:
64
-0.5 -0.5 -0.5 -0.5 -0.5 -0.5
0.5 -0.5 -0.5 -0.5 -0.5 -0.5
-0.5 0.5 -0.5 -0.5 -0.5 -0.5
0.5 0.5 -0.5 -0.5 -0.5 -0.5
-0.5 -0.5 0.5 -0.5 -0.5 -0.5
0.5 -0.5 0.5 -0.5 -0.5 -0.5
-0.5 0.5 0.5 -0.5 -0.5 -0.5
0.5 0.5 0.5 -0.5 -0.5 -0.5
-0.5 -0.5 -0.5 0.5 -0.5 -0.5
0.5 -0.5 -0.5 0.5 -0.5 -0.5
-0.5 0.5 -0.5 0.5 -0.5 -0.5
0.5 0.5 -0.5 0.5 -0.5 -0.5
-0.5 -0.5 0.5 0.5 -0.5 -0.5
0.5 -0.5 0.5 0.5 -0.5 -0.5
-0.5 0.5 0.5 0.5 -0.5 -0.5
0.5 0.5 0.5 0.5 -0.5 -0.5
-0.5 -0.5 -0.5 -0.5 0.5 -0.5
0.5 -0.5 -0.5 -0.5 0.5 -0.5
-0.5 0.5 -0.5 -0.5 0.5 -0.5
0.5 0.5 -0.5 -0.5 0.5 -0.5
-0.5 -0.5 0.5 -0.5 0.5 -0.5
0.5 -0.5 0.5 -0.5 0.5 -0.5
-0.5 0.5 0.5 -0.5 0.5 -0.5
0.5 0.5 0.5 -0.5 0.5 -0.5
-0.5 -0.5 -0.5 0.5 0.5 -0.5
0.5 -0.5 -0.5 0.5 0.5 -0.5
-0.5 0.5 -0.5 0.5 0.5 -0.5
0.5 0.5 -0.5 0.5 0.5 -0.5
-0.5 -0.5 0.5 0.5 0.5 -0.5
0.5 -0.5 0.5 0.5 0.5 -0.5
-0.5 0.5 0.5 0.5 0.5 -0.5
0.5 0.5 0.5 0.5 0.5 -0.5
-0.5 -0.5 -0.5 -0.5 -0.5 0.5
0.5 -0.5 -0.5 -0.5 -0.5 0.5
-0.5 0.5 -0.5 -0.5 -0.5 0.5
0.5 0.5 -0.5 -0.5 -0.5 0.5
-0.5 -0.5 0.5 -0.5 -0.5 0.5
0.5 -0.5 0.5 -0.5 -0.5 0.5
-0.5 0.5 0.5 -0.5 -0.5 0.5
0.5 0.5 0.5 -0.5 -0.5 0.5
-0.5 -0.5 -0.5 0.5 -0.5 0.5
0.5 -0.5 -0.5 0.5 -0.5 0.5
-0.5 0.5 -0.5 0.5 -0.5 0.5
0.5 0.5 -0.5 0.5 -0.5 0.5
-0.5 -0.5 0.5 0.5 -0.5 0.5
0.5 -0.5 0.5 0.5 -0.5 0.5
-0.5 0.5 0.5 0.5 -0.5 0.5
0.5 0.5 0.5 0.5 -0.5 0.5
-0.5 -0.5 -0.5 -0.5 0.5 0.5
0.5 -0.5 -0.5 -0.5 0.5 0.5
-0.5 0.5 -0.5 -0.5 0.5 0.5
0.5 0.5 -0.5 -0.5 0.5 0.5
-0.5 -0.5 0.5 -0.5 0.5 0.5
0.5 -0.5 0.5 -0.5 0.5 0.5
-0.5 0.5 0.5 -0.5 0.5 0.5
0.5 0.5 0.5 -0.5 0.5 0.5
-0.5 -0.5 -0.5 0.5 0.5 0.5
0.5 -0.5 -0.5 0.5 0.5 0.5
-0.5 0.5 -0.5 0.5 0.5 0.5
0.5 0.5 -0.5 0.5 0.5 0.5
-0.5 -0.5 0.5 0.5 0.5 0.5
0.5 -0.5 0.5 0.5 0.5 0.5
-0.5 0.5 0.5 0.5 0.5 0.5
0.5 0.5 0.5 0.5 0.5 0.5

edges:
192
0 1
0 2
0 4
0 8
0 16
0 32
1 3
1 5
1 9
1 17
1 33
2 3
2 6
2 10
2 18
2 34
3 7
3 11
3 19
3 35
4 5
4 6
4 12
4 20
4 36
5 7
5 13
5 21
5 37
6 7
6 14
6 22
6 38
7 15
7 23
7 39
8 9
8 10
8 12
8 24
8 40
9 11
9 13
9 25
9 41
10 11
10 14
10 26
10 42
11 15
11 27
11 43
12 13
12 14
12 28
12 44
13 15
13 29
13 45
14 15
14 30
14 46
15 31
15 47
16 17
16 18
16 20
16 24
16 48
17 19
17 21
17 25
17 49
18 19
18 22
18 26
18 50
19 23
19 27
19 51
20 21
20 22
20 28
20 52
21 23
21 29
21 53
22 23
22 30
22 54
23 31
23 55
24 25
24 26
24 28
24 56
25 27
25 29
25 57
26 27
26 30
26 58
27 31
27 59
28 29
28 30
28 60
29 31
29 61
30 31
30 62
31 63
32 33
32 34
32 36
32 40
32 48
33 35
33 37
33 41
33 49
34 35
34 38
34 42
34 50
35 39
35 43
35 51
36 37
36 38
36 44
36 52
37 39
37 45
37 53
38 39
38 46
38 54
39 47
39 55
40 41
40 42
40 44
40 56
41 43
41 45
41 57
42 43
42 46
42 58
43 47
43 59
44 45
44 46
44 60
45 47
45 61
46 47
46 62
47 63
48 49
48 50
48 52
48 56
49 51
49 53
49 57
50 51
50 54
50 58
51 55
51 59
52 53
52 54
52 60
53 55
53 61
54 55
54 62
55 63
56 57
56 58
56 60
57 59
57 61
58 59
58 62
59 63
60 61
60 62
61 63
62 63

subobject_manager:
subobject 2d:
75
0 16 32 48
8 24 40 56
12 28 44 60
14 30 46 62
15 31 47 63
0 8 32 40
16 24 48 56
20 28 52 60
22 30 54 62
23 31 55 63
0 8 16 24
32 40 48 56
36 44 52 60
38 46 54 62
39 47 55 63
0 4 32 36
16 20 48 52
24 28 56 60
26 30 58 62
27 31 59 63
0 4 16 20
32 36 48 52
40 44 56 60
42 46 58 62
43 47 59 63
0 4 8 12
32 36 40 44
48 52 56 60
50 54 58 62
51 55 59 63
0 2 32 34
16 18 48 50
24 26 56 58
28 30 60 62
29 31 61 63
0 2 16 18
32 34 48 50
40 42 56 58
44 46 60 62
45 47 61 63
0 2 8 10
32 34 40 42
48 50 56 58
52 54 60 62
53 55 61 63
0 2 4 6
32 34 36 38
48 50 52 54
56 58 60 62
57 59 61 63
0 1 32 33
16 17 48 49
24 25 56 57
28 29 60 61
30 31 62 63
0 1 16 17
32 33 48 49
40 41 56 57
44 45 60 61
46 47 62 63
0 1 8 9
32 33 40 41
48 49 56 57
52 53 60 61
54 55 62 63
0 1 4 5
32 33 36 37
48 49 52 53
56 57 60 61
58 59 62 63
0 1 2 3
32 33 34 35
48 49 50 51
56 57 58 59
60 61 62 63

subobject 3d:
80
0 8 16 24 32 40 48 56
4 12 20 28 36 44 52 60
6 14 22 30 38 46 54 62
7 15 23 31 39 47 55 63
0 4 16 20 32 36 48 52
8 12 24 28 40 44 56 60
10 14 26 30 42 46 58 62
11 15 27 31 43 47 59 63
0 4 8 12 32 36 40 44
16 20 24 28 48 52 56 60
18 22 26 30 50 54 58 62
19 23 27 31 51 55 59 63
0 4 8 12 16 20 24 28
32 36 40 44 48 52 56 60
34 38 42 46 50 54 58 62
35 39 43 47 51 55 59 63
0 2 16 18 32 34 48 50
8 10 24 26 40 42 56 58
12 14 28 30 44 46 60 62
13 15 29 31 45 47 61 63
0 2 8 10 32 34 40 42
16 18 24 26 48 50 56 58
20 22 28 30 52 54 60 62
21 23 29 31 53 55 61 63
0 2 8 10 16 18 24 26
32 34 40 42 48 50 56 58
36 38 44 46 52 54 60 62
37 39 45 47 53 55 61 63
0 2 4 6 32 34 36 38
16 18 20 22 48 50 52 54
24 26 28 30 56 58 60 62
25 27 29 31 57 59 61 63
0 2 4 6 16 18 20 22
32 34 36 38 48 50 52 54
40 42 44 46 56 58 60 62
41 43 45 47 57 59 61 63
0 2 4 6 8 10 12 14
32 34 36 38 40 42 44 46
48 50 52 54 56 58 60 62
49 51 53 55 57 59 61 63
0 1 16 17 32 33 48 49
8 9 24 25 40 41 56 57
12 13 28 29 44 45 60 61
14 15 30 31 46 47 62 63
0 1 8 9 32 33 40 41
16 17 24 25 48 49 56 57
20 21 28 29 52 53 60 61
22 23 30 31 54 55 62 63
0 1 8 9 16 17 24 25
32 33 40 41 48 49 56 57
36 37 44 45 52 53 60 61
38 39 46 47 54 55 62 63
0 1 4 5 32 33 36 37
16 17 20 21 48 49 52 53
24 25 28 29 56 57 60 61
26 27 30 31 58 59 62 63
0 1 4 5 16 17 20 21
32 33 36 37 48 49 52 53
40 41 44 45 56 57 60 61
42 43 46 47 58 59 62 63
0 1 4 5 8 9 12 13
32 33 36 37 40 41 44 45
48 49 52 53 56 57 60 61
50 51 54 55 58 59 62 63
0 1 2 3 32 33 34 35
16 17 18 19 48 49 50 51
24 25 26 27 56 57 58 59
28 29 30 31 60 61 62 63
0 1 2 3 16 17 18 19
32 33 34 35 48 49 50 51
40 41 42 43 56 57 58 59
44 45 46 47 60 61 62 63
0 1 2 3 8 9 10 11
32 33 34 35 40 41 42 43
48 49 50 51 56 57 58 59
52 53 54 55 60 61 62 63
0 1 2 3 4 5 6 7
32 33 34 35 36 37 38 39
48 49 50 51 52 53 54 55
56 57 58 59 60 61 62 63

subobject 4d:
45
0 4 8 12 16 20 24 28 32 36 40 44 48 52 56 60
2 6 10 14 18 22 26 30 34 38 42 46 50 54 58 62
3 7 11 15 19 23 27 31 35 39 43 47 51 55 59 63
0 2 8 10 16 18 24 26 32 34 40 42 48 50 56 58
4 6 12 14 20 22 28 30 36 38 44 46 52 54 60 62
5 7 13 15 21 23 29 31 37 39 45 47 53 55 61 63
0 2 4 6 16 18 20 22 32 34 36 38 48 50 52 54
8 10 12 14 24 26 28 30 40 42 44 46 56 58 60 62
9 11 13 15 25 27 29 31 41 43 45 47 57 59 61 63
0 2 4 6 8 10 12 14 32 34 36 38 40 42 44 46
16 18 20 22 24 26 28 30 48 50 52 54 56 58 60 62
17 19 21 23 25 27 29 31 49 51 53 55 57 59 61 63
0 2 4 6 8 10 12 14 16 18 20 22 24 26 28 30
32 34 36 38 40 42 44 46 48 50 52 54 56 58 60 62
33 35 37 39 41 43 45 47 49 51 53 55 57 59 61 63
0 1 8 9 16 17 24 25 32 33 40 41 48 49 56 57
4 5 12 13 20 21 28 29 36 37 44 45 52 53 60 61
6 7 14 15 22 23 30 31 38 39 46 47 54 55 62 63
0 1 4 5 16 17 20 21 32 33 36 37 48 49 52 53
8 9 12 13 24 25 28 29 40 41 44 45 56 57 60 61
10 11 14 15 26 27 30 31 42 43 46 47 58 59 62 63
0 1 4 5 8 9 12 13 32 33 36 37 40 41 44 45
16 17 20 21 24 25 28 29 48 49 52 53 56 57 60 61
18 19 22 23 26 27 30 31 50 51 54 55 58 59 62 63
0 1 4 5 8 9 12 13 16 17 20 21 24 25 28 29
32 33 36 37 40 41 44 45 48 49 52 53 56 57 60 61
34 35 38 39 42 43 46 47 50 51 54 55 58 59 62 63
0 1 2 3 16 17 18 19 32 33 34 35 48 49 50 51
8 9 10 11 24 25 26 27 40 41 42 43 56 57 58 59
12 13 14 15 28 29 30 31 44 45 46 47 60 61 62 63
0 1 2 3 8 9 10 11 32 33 34 35 40 41 42 43
16 17 18 19 24 25 26 27 48 49 50 51 56 57 58 59
20 21 22 23 28 29 30 31 52 53 54 55 60 61 62 63
0 1 2 3 8 9 10 11 16 17 18 19 24 25 26 27
32 33 34 35 40 41 42 43 48 49 50 51 56 57 58 59
36 37 38 39 44 45 46 47 52 53 54 55 60 61 62 63
0 1 2 3 4 5 6 7 32 33 34 35 36 37 38 39
16 17 18 19 20 21 22 23 48 49 50 51 52 53 54 55
24 25 26 27 28 29 30 31 56 57 58 59 60 61 62 63
0 1 2 3 4 5 6 7 16 17 18 19 20 21 22 23
32 33 34 35 36 37 38 39 48 49 50 51 52 53 54 55
40 41 42 43 44 45 46 47 56 57 58 59 60 61 62 63
0 1 2 3 4 5 6 7 8 9 10 11 12 13 14 15
32 33 34 35 36 37 38 39 40 41 42 43 44 45 46 47
48 49 50 51 52 53 54 55 56 57 58 59 60 61 62 63

subobject 5d:
12
0 2 4 6 8 10 12 14 16 18 20 22 24 26 28 30 32 34 36 38 40 42 44 46 48 50 52 54 56 58 60 62
1 3 5 7 9 11 13 15 17 19 21 23 25 27 29 31 33 35 37 39 41 43 45 47 49 51 53 55 57 59 61 63
0 1 4 5 8 9 12 13 16 17 20 21 24 25 28 29 32 33 36 37 40 41 44 45 48 49 52 53 56 57 60 61
2 3 6 7 10 11 14 15 18 19 22 23 26 27 30 31 34 35 38 39 42 43 46 47 50 51 54 55 58 59 62 63
0 1 2 3 8 9 10 11 16 17 18 19 24 25 26 27 32 33 34 35 40 41 42 43 48 49 50 51 56 57 58 59
4 5 6 7 12 13 14 15 20 21 22 23 28 29 30 31 36 37 38 39 44 45 46 47 52 53 54 55 60 61 62 63
0 1 2 3 4 5 6 7 16 17 18 19 20 21 22 23 32 33 34 35 36 37 38 39 48 49 50 51 52 53 54 55
8 9 10 11 12 13 14 15 24 25 26 27 28 29 30 31 40 41 42 43 44 45 46 47 56 57 58 59 60 61 62 63
0 1 2 3 4 5 6 7 8 9 10 11 12 13 14 15 32 33 34 35 36 37 38 39 40 41 42 43 44 45 46 47
16 17 18 19 20 21 22 23 24 25 26 27 28 29 30 31 48 49 50 51 52 53 54 55 56 57 58 59 60 61 62 63
0 1 2 3 4 5 6 7 8 9 10 11 12 13 14 15 16 17 18 19 20 21 22 23 24 25 26 27 28 29 30 31
32 33 34 35 36 37 38 39 40 41 42 43 44 45 46 47 48 49 50 51 52 53 54 55 56 57 58 59 60 61 62 63