dimensions:
3

points:
20
1.0 1.0 1.0
-1.0 1.0 1.0
1.0 -1.0 1.0
1.0 1.0 -1.0
-1.0 -1.0 1.0
-1.0 1.0 -1.0
1.0 -1.0 -1.0
-1.0 -1.0 -1.0
0.0 1.618033988749895 0.6180339887498948
0.0 -1.618033988749895 0.6180339887498948
0.0 1.618033988749895 -0.6180339887498948
0.0 -1.618033988749895 -0.6180339887498948
0.6180339887498948 0.0 1.618033988749895
-0.6180339887498948 0.0 1.618033988749895
0.6180339887498948 0.0 -1.618033988749895
-0.6180339887498948 0.0 -1.618033988749895
1.618033988749895 0.6180339887498948 0.0
-1.618033988749895 0.6180339887498948 0.0
1.618033988749895 -0.6180339887498948 0.0
-1.618033988749895 -0.6180339887498948 0.0

edges:
30
0 8
0 12
0 16
1 8
1 13
1 17
2 9
2 12
2 18
3 10
3 14
3 16
4 9
4 13
4 19
5 10
5 15
5 17
6 11
6 14
6 18
7 11
7 15
7 19
8 10
9 11
12 13
14 15
16 18
17 19