dimensions:
4

points:
120
0.0 -0.8090169943749475 0.3090169943749474 0.5
0.0 0.8090169943749475 0.3090169943749474 -0.5
0.5 -0.8090169943749475 0.0 -0.3090169943749474
-0.5 -0.8090169943749475 0.0 0.3090169943749474
0.3090169943749474 0.8090169943749475 0.5 0.0
0.5 0.5 0.5 -0.5
-0.5 0.5 0.5 0.5
0.0 0.3090169943749474 -0.5 0.8090169943749475
0.0 -0.8090169943749475 0.3090169943749474 -0.5
0.0 0.5 0.8090169943749475 -0.3090169943749474
-0.8090169943749475 0.0 -0.5 -0.3090169943749474
0.8090169943749475 -0.5 0.3090169943749474 0.0
-0.5 0.8090169943749475 0.0 -0.3090169943749474
0.5 -0.5 -0.5 -0.5
0.0 0.5 -0.8090169943749475 -0.3090169943749474
0.8090169943749475 0.3090169943749474 0.0 -0.5
-0.5 0.5 -0.5 0.5
-0.3090169943749474 0.8090169943749475 -0.5 0.0
0.0 0.3090169943749474 0.5 0.8090169943749475
-0.8090169943749475 -0.3090169943749474 0.0 0.5
-0.5 -0.5 -0.5 0.5
0.3090169943749474 -0.8090169943749475 -0.5 0.0
0.5 0.5 -0.5 0.5
-0.5 0.3090169943749474 0.8090169943749475 0.0
0.5 0.0 -0.3090169943749474 0.8090169943749475
0.0 0.0 0.0 1.0
0.3090169943749474 0.0 -0.8090169943749475 -0.5
0.0 -0.3090169943749474 0.5 0.8090169943749475
-0.8090169943749475 0.5 -0.3090169943749474 0.0
-0.8090169943749475 -0.5 -0.3090169943749474 0.0
0.8090169943749475 0.0 0.5 -0.3090169943749474
0.5 0.0 0.3090169943749474 0.8090169943749475
-0.3090169943749474 0.0 0.8090169943749475 0.5
0.5 0.8090169943749475 0.0 0.3090169943749474
0.0 0.3090169943749474 -0.5 -0.8090169943749475
-0.8090169943749475 0.3090169943749474 0.0 -0.5
0.0 0.8090169943749475 -0.3090169943749474 -0.5
-0.3090169943749474 -0.8090169943749475 0.5 0.0
0.0 -0.5 -0.8090169943749475 -0.3090169943749474
0.3090169943749474 -0.5 0.0 -0.8090169943749475
-0.5 0.0 -0.3090169943749474 0.8090169943749475
0.5 -0.5 0.5 -0.5
0.0 0.0 -1.0 0.0
-1.0 0.0 0.0 0.0
-0.5 -0.8090169943749475 0.0 -0.3090169943749474
0.8090169943749475 0.0 -0.5 -0.3090169943749474
-0.3090169943749474 0.0 -0.8090169943749475 -0.5
0.8090169943749475 -0.3090169943749474 0.0 0.5
0.5 -0.5 0.5 0.5
0.0 0.8090169943749475 -0.3090169943749474 0.5
0.8090169943749475 0.0 0.5 0.3090169943749474
0.0 -0.3090169943749474 0.5 -0.8090169943749475
0.0 0.0 1.0 0.0
-0.5 -0.5 0.5 0.5
0.8090169943749475 0.3090169943749474 0.0 0.5
0.0 -0.5 0.8090169943749475 0.3090169943749474
0.0 -1.0 0.0 0.0
-0.5 -0.5 0.5 -0.5
0.5 0.8090169943749475 0.0 -0.3090169943749474
0.0 0.5 -0.8090169943749475 0.3090169943749474
0.0 -0.5 0.8090169943749475 -0.3090169943749474
-0.8090169943749475 0.3090169943749474 0.0 0.5
0.3090169943749474 0.5 0.0 0.8090169943749475
0.8090169943749475 0.5 -0.3090169943749474 0.0
0.3090169943749474 -0.8090169943749475 0.5 0.0
0.0 0.3090169943749474 0.5 -0.8090169943749475
-0.5 -0.5 -0.5 -0.5
0.3090169943749474 0.0 -0.8090169943749475 0.5
-0.8090169943749475 -0.3090169943749474 0.0 -0.5
-0.5 0.0 0.3090169943749474 0.8090169943749475
0.0 0.5 0.8090169943749475 0.3090169943749474
0.8090169943749475 -0.3090169943749474 0.0 -0.5
0.5 0.3090169943749474 -0.8090169943749475 0.0
0.0 1.0 0.0 0.0
-0.5 0.5 0.5 -0.5
-0.8090169943749475 -0.5 0.3090169943749474 0.0
0.0 0.8090169943749475 0.3090169943749474 0.5
-0.8090169943749475 0.0 0.5 0.3090169943749474
-0.5 -0.3090169943749474 0.8090169943749475 0.0
-0.3090169943749474 -0.8090169943749475 -0.5 0.0
1.0 0.0 0.0 0.0
-0.3090169943749474 -0.5 0.0 0.8090169943749475
0.0 0.0 0.0 -1.0
0.8090169943749475 0.0 -0.5 0.3090169943749474
0.0 -0.3090169943749474 -0.5 -0.8090169943749475
0.3090169943749474 0.0 0.8090169943749475 -0.5
0.0 -0.3090169943749474 -0.5 0.8090169943749475
-0.5 0.3090169943749474 -0.8090169943749475 0.0
0.8090169943749475 -0.5 -0.3090169943749474 0.0
0.3090169943749474 0.8090169943749475 -0.5 0.0
0.5 0.5 -0.5 -0.5
0.3090169943749474 0.0 0.8090169943749475 0.5
0.5 0.0 -0.3090169943749474 -0.8090169943749475
-0.8090169943749475 0.0 0.5 -0.3090169943749474
-0.3090169943749474 0.5 0.0 0.8090169943749475
-0.3090169943749474 -0.5 0.0 -0.8090169943749475
0.3090169943749474 0.5 0.0 -0.8090169943749475
-0.5 0.8090169943749475 0.0 0.3090169943749474
-0.8090169943749475 0.5 0.3090169943749474 0.0
-0.5 -0.3090169943749474 -0.8090169943749475 0.0
-0.3090169943749474 0.5 0.0 -0.8090169943749475
-0.3090169943749474 0.8090169943749475 0.5 0.0
0.5 0.5 0.5 0.5
0.8090169943749475 0.5 0.3090169943749474 0.0
0.5 -0.3090169943749474 -0.8090169943749475 0.0
0.5 0.3090169943749474 0.8090169943749475 0.0
0.0 -0.8090169943749475 -0.3090169943749474 0.5
-0.3090169943749474 0.0 0.8090169943749475 -0.5
0.0 -0.8090169943749475 -0.3090169943749474 -0.5
-0.3090169943749474 0.0 -0.8090169943749475 0.5
0.3090169943749474 -0.5 0.0 0.8090169943749475
0.5 -0.5 -0.5 0.5
-0.5 0.0 0.3090169943749474 -0.8090169943749475
0.5 -0.3090169943749474 0.8090169943749475 0.0
0.0 -0.5 -0.8090169943749475 0.3090169943749474
-0.8090169943749475 0.0 -0.5 0.3090169943749474
-0.5 0.5 -0.5 -0.5
0.5 -0.8090169943749475 0.0 0.3090169943749474
-0.5 0.0 -0.3090169943749474 -0.8090169943749475
0.5 0.0 0.3090169943749474 -0.8090169943749475

edges:
720
0 3
0 27
0 37
0 48
0 53
0 55
0 56
0 64
0 81
0 106
0 110
0 117
1 4
1 5
1 9
1 12
1 36
1 58
1 65
1 73
1 74
1 96
1 100
1 101
2 8
2 11
2 13
2 21
2 39
2 41
2 56
2 64
2 71
2 88
2 108
2 117
3 19
3 20
3 29
3 37
3 44
3 53
3 56
3 75
3 79
3 81
3 106
4 5
4 9
4 33
4 58
4 70
4 73
4 76
4 101
4 102
4 103
4 105
5 9
5 15
5 30
5 58
5 65
5 85
5 96
5 103
5 105
5 119
6 18
6 23
6 32
6 61
6 69
6 70
6 76
6 77
6 94
6 97
6 98
6 101
7 16
7 22
7 24
7 25
7 40
7 49
7 59
7 62
7 67
7 86
7 94
7 109
8 37
8 39
8 41
8 44
8 51
8 56
8 57
8 60
8 64
8 95
8 108
9 23
9 52
9 65
9 70
9 74
9 85
9 101
9 105
9 107
10 28
10 29
10 35
10 43
10 46
10 66
10 68
10 87
10 99
10 115
10 116
10 118
11 30
11 41
11 47
11 48
11 50
11 64
11 71
11 80
11 88
11 113
11 117
12 17
12 28
12 35
12 36
12 73
12 74
12 97
12 98
12 100
12 101
12 116
13 21
13 26
13 38
13 39
13 45
13 71
13 84
13 88
13 92
13 104
13 108
14 17
14 26
14 34
14 36
14 42
14 46
14 59
14 72
14 87
14 89
14 90
14 116
15 30
15 45
15 58
15 63
15 71
15 80
15 90
15 92
15 96
15 103
15 119
16 17
16 28
16 40
16 49
16 59
16 61
16 87
16 94
16 97
16 109
16 115
17 28
17 36
17 49
17 59
17 73
17 87
17 89
17 97
17 116
18 25
18 27
18 31
18 32
18 62
18 69
18 70
18 76
18 91
18 94
18 102
19 20
19 29
19 40
19 43
19 53
19 61
19 69
19 75
19 77
19 81
19 115
20 29
20 40
20 79
20 81
20 86
20 99
20 106
20 109
20 114
20 115
21 38
21 56
21 79
21 88
21 104
21 106
21 108
21 111
21 114
21 117
22 24
22 33
22 49
22 54
22 59
22 62
22 63
22 67
22 72
22 83
22 89
23 32
23 52
23 70
23 74
23 77
23 78
23 93
23 98
23 101
23 107
24 25
24 31
24 47
24 54
24 62
24 67
24 83
24 86
24 110
24 111
25 27
25 31
25 40
25 62
25 69
25 81
25 86
25 94
25 110
26 34
26 38
26 42
26 45
26 46
26 72
26 84
26 90
26 92
26 104
27 31
27 32
27 48
27 53
27 55
27 69
27 81
27 91
27 110
28 35
28 43
28 61
28 87
28 97
28 98
28 115
28 116
29 43
29 44
29 66
29 68
29 75
29 79
29 99
29 115
30 41
30 50
30 71
30 80
30 85
30 103
30 105
30 113
30 119
31 47
31 48
31 50
31 54
31 62
31 91
31 102
31 110
32 52
32 53
32 55
32 69
32 70
32 77
32 78
32 91
33 49
33 54
33 58
33 62
33 63
33 73
33 76
33 89
33 102
33 103
34 36
34 46
34 82
34 84
34 90
34 92
34 96
34 100
34 116
34 118
35 43
35 68
35 74
35 93
35 98
35 100
35 112
35 116
35 118
36 58
36 73
36 89
36 90
36 96
36 100
36 116
37 44
37 53
37 55
37 56
37 57
37 60
37 64
37 75
37 78
38 42
38 46
38 66
38 79
38 84
38 99
38 104
38 108
38 114
39 41
39 51
39 71
39 82
39 84
39 92
39 95
39 108
39 119
40 61
40 69
40 81
40 86
40 94
40 109
40 115
41 51
41 60
41 64
41 71
41 85
41 113
41 119
42 46
42 59
42 67
42 72
42 87
42 99
42 104
42 109
42 114
43 61
43 68
43 75
43 77
43 93
43 98
43 115
44 56
44 57
44 66
44 68
44 75
44 79
44 95
44 108
45 63
45 71
45 72
45 80
45 83
45 88
45 90
45 92
45 104
46 66
46 84
46 87
46 99
46 116
46 118
47 48
47 50
47 54
47 80
47 83
47 88
47 110
47 111
47 117
48 50
48 55
48 64
48 91
48 110
48 113
48 117
49 59
49 62
49 73
49 76
49 89
49 94
49 97
50 54
50 80
50 91
50 102
50 103
50 105
50 113
51 57
51 60
51 65
51 82
51 85
51 95
51 107
51 112
51 119
52 55
52 60
52 70
52 78
52 85
52 91
52 105
52 107
52 113
53 55
53 69
53 75
53 77
53 78
53 81
54 62
54 63
54 80
54 83
54 102
54 103
55 60
55 64
55 78
55 91
55 113
56 64
56 79
56 106
56 108
56 117
57 60
57 68
57 75
57 78
57 93
57 95
57 107
57 112
58 63
58 73
58 89
58 90
58 96
58 103
59 67
59 72
59 87
59 89
59 109
60 64
60 78
60 85
60 107
60 113
61 69
61 77
61 94
61 97
61 98
61 115
62 76
62 94
62 102
63 72
63 80
63 83
63 89
63 90
63 103
64 113
64 117
65 74
65 82
65 85
65 96
65 100
65 107
65 112
65 119
66 68
66 79
66 84
66 95
66 99
66 108
66 118
67 72
67 83
67 86
67 104
67 109
67 111
67 114
68 75
68 93
68 95
68 112
68 118
69 77
69 81
69 94
70 76
70 91
70 101
70 102
70 105
71 80
71 88
71 92
71 119
72 83
72 89
72 90
72 104
73 76
73 89
73 97
73 101
74 93
74 98
74 100
74 101
74 107
74 112
75 77
75 78
75 93
76 94
76 97
76 101
76 102
77 78
77 93
77 98
78 93
78 107
79 99
79 106
79 108
79 114
80 83
80 88
80 103
81 86
81 106
81 110
82 84
82 92
82 95
82 96
82 100
82 112
82 118
82 119
83 88
83 104
83 111
84 92
84 95
84 108
84 118
85 105
85 107
85 113
85 119
86 106
86 109
86 110
86 111
86 114
87 99
87 109
87 115
87 116
88 104
88 111
88 117
89 90
90 92
90 96
91 102
91 105
91 113
92 96
92 119
93 98
93 107
93 112
94 97
95 108
95 112
95 118
96 100
96 119
97 98
97 101
98 101
99 109
99 114
99 115
100 112
100 116
100 118
102 103
102 105
103 105
104 111
104 114
105 113
106 110
106 111
106 114
106 117
107 112
109 114
109 115
110 111
110 117
111 114
111 117
112 118
116 118